  245976  209189  649158  703730  895437   32461  253415  543922  870461   26305   60029  388028  278051  266749  707557  308903  504795  697698  858700  571044  301040  132003   90429  806404  144501     682  617648  908539   36160  895152
   95746  255289  747482  538317   56928  489039  422207  736637  364789  156976  177204   92025  967488  352647  695058  204629  563970  745798  768655  267668  876568  749112  634489  677623  405812  871010  670984  964648   18508  303483
  150126  562946  763459  716772  991834  710669  823889  200793   41160  381466  283254  538577  162673  927222  716272  519031  526533  243469  242835   61919  459367  655159  129409  620894  589104  647975  620131   20551  258307  376469
  522536  282135  104340  171693  502216  516128  720505  755630   60050  590965  298286  636430  495344  576336  903178  202901  885239  407972  416950  260290  495368  717989  392293  585796   40744   53145  102830  658391  961683  655341
  892614  630605   75123  640095  168921  648402  645485  107479  385038   10273  264454   78593  102297  231942  431239  797355  952922  511560  543152  237928  779228  936071  987039  930068  613694  909203  317429  801029  873850  335936
  381917  924784  939415  145376  641555  447600  856044  465443  648393  413555  363261  447998  468483  525933  375219  701106   44963  418104  944574  287798  480022  920293  459308  609431   57538   48411  773757  677668  585313   32063
  553542     570  453827  174233  172262  956043  690361  409118  228024  266762      82  526310  903191  495426  618997  806368  214678  504235  730691  631627  764525  226058  349615  673169  328206  390359  726313  947387  565101  204347
  104511  282816  482893  695985  922910  168165  344386   84747  275644  245775   95019   56449  324367  197316  804742  271958  511022  757663  299869  570525  511942   79096  506596  498981  525516  636641  408183  842944  437669  798384
   54137  967230  956847  509903  628957  114753  473854  485000   96548  122246  414906  459808   86595  883388  502092  978166  584493  547054  396269   45418  351203  392642  965710  810510  518424   23248  375272  292181  217267  476937
  602727  634995  204917   56553  325579  893530  528947  532291  302648  756971  799052  819081  799632  218594  830858  418628  541313  561887  439215  788356  193513  720091   14413   59480  909611  858970  966190  152275  806356   47642
  695232   58532   81199  178124  270868  520461  862640  615254  605207  138283  861028  700225  194732  701747  413892  515825  973704  441265  273488  789924   11790  785429  385372   34737  800761  910887  671377  208943  270182  625397
  840595  787755  444166  797441  297657  589474  428546  771511  590825  525093  410108    5730  501252   13055  405469    3343  991220  989961  550396  387488  551730  417951  780129   33792  744812  814905  573391  636436  107085  790657
  356621  925434  198988   77889  498339  524567  487771   27285   56857  790418  300607  372261  125850  100238  107206  473060   35218  648519   34946  990784  436874  228459  710874  967638  804290  620484  826608  770479  772758  149315
  523679  481765  200280  604877  176240  471148  125337   38880  602753  246895  177162  980132  947120  888245  681878  877363  404070  171933  318628  193909  961857  846769  495689  347228  881505  296450  774466   69233   21744   44647
  113372  947679  578412   73889  261472  392420  663362  690017  680282  254186  731461   90390  776267  232712  103444  181735  236054  611015  688047  302801  998502  239776  720751  294982  789919  465563  109886  363309  618350  216970
  334472  645730  591101  533460  723619   89439   58026  211389  633075  631234  518158  933682    3494  160359  550271  110700  633418  101840  275570  668364   92623  228795  413174  319848  196432  217463  456683  539391  504293  745792
  210981   61774  526412  411261  666651  702651  398760  308339  741530    1512  555234  435044  497995   18705  839640  696225  412419  760061  868157  247398  953969  346365   94166  966010  209944  975670  262459  500761   44902  800554
  670318  731721  681001  248729  321961  942472  157500  985322  148840  837782  755859  880300  444523  532125  113011   64318  713859  349064  675332  401905  651864  190185  158032  888967  485166  947951  870881  111404  311259  489230
  205058  355116  391522  796158  888575  631492  401948  462952  359232   35022  610538  393741  485055  614031  554099   35326  241082  187517  653517   33003  372232  746140  261797  785405  582339  974581  519219   39022  513971  539863
   61760  772235  862328  104523  699847   45330  323525   98606  870020   65055  616469  941605   16450  114463  476661  372441  810687  889080  132502  195196  136477   86470   57912  230643  568831  784208  722664  347641  284968  283918
  844725  981576  220950  525725  746656   59262  984548  420508   44583  133387  258289  316793   13686  219163  848917  126696  799832   79127  992111  991515  481031  643975  181699  639062   49293  183216  587012  920173  294619  414623
  784813  235380  894978  692686   31537  299905  324177  433484  279208  199760  984858  889745  593500  469912   20128  663951  505237  777561  367819  675106  810564  740050  421245  588712   41806  519935  563292   77376  558956  593615
  148195  863079   56152  526874  967601  755998  572203  291126  854603  958574  872532  987423  900179  888981  618237  376839  261421  428924  265918  393922  140471  918747  996744  714734  665741   81926  498941  388404  429567  300261
  409402  655696  912550  146703  181420  659206  205964  165968  596065  766898  299354  370705   83690  829392  589867  932606  472439  906050   11732  464550  897564    9114  624876  595614  164527  674168  778829  267891  594340  589800
  133590  343769  828994  544919  552806  376883  844823  876983  326718  124031  593094  311575  530127  186594  781487  550254  850544  803075  327815  734714  478180  138378  474763  415776  727089   32920  935711  806733  110295   11018
  672321   94113  163339  244824  620986  130940     821  709540  938417  371775  668113  810948  359197  568291  699928  493786  461482  477700  439061  243751  387974  579531  162497  901069  810616  828237  982994  309557  732993  928912
  682513  520093  761847  111414  666795  943266  286971  389110  625585  883035  156007  924939  253739  239696  270682  359957  688653  743120  266006  216736  207669  163569  742201  348896  275534  906727  539415  570715  690969  133754
  400347  760236  871138  745692  305154  423944  122574  666329  300926  449292  306711  894019  277218  836837  596964  575056  387091  963859  378131  714905  698572  372662  369634  689686  304790  613074  722605  756852  419806  349251
  126169  921665   23024  805859  166489  644009  453150  167309  869900  391566   55436   54365  202513  930984  622655  418792  424769  600488  412844  863829  844239  800817  959711    6735  218237  770327  351324  717582  596235   84316
  676866  373481  170198  438712    1247  836992  381977  288217  226101    7562  171252  898459  448852  941342  654506  235885  301299  859510  979004  567304   76245  703025  247225  334797   51920  522758  757876  591335  609824  448844
  767869  336504  109486  639007   82196  414640   62950  721121   80968  880227  686764  387678  290597  963982  740866  887561  539037  127956  367771  433519  359212   66343  322533  245197  272380  627322  858271  994985  384173  794428
  646494  722403    5980  669517  528261  172468  829878  497763  856129  699777  889328  911564  754141   91841  358899  893148  510632  783668  493635  923475  647496  854225  240643  123559  860960  975231  893885  728635  692813  490119
  241440  286689  338677  411638  725400  339923  764981  623729  144491  507434  147642  315742  405892  596493  773436   60398  832377   74734  919907  327732  158389  512504   30756  405613  847300  599028  444723  121527  706714   54546
  344235  152041  647284  970073  307399  245831  901064  370348  966951  982031  250574  653715  886060   57523  134048  626925  945083  189436  271233  829205  622955  630444  411899  945487  875641  684279   89160  250263  679263  989684
  812950  855658  728873  335281  525174  773485   24101  871403  271247  396581   87532  160575  824496  358024  768767  183394  767523  279398  967061  261158  719225  130909  115382  476219  254467  492693  451450  664703  221327  660614
  570371  948153  341235  909047  876142  582986  765321  641123  206714  909811  148556  354355  741905   70799  950847  515340  131196  299575  590073  567455  627307  748461   79958  174414  670426  443609  773441  631500  565136  480154
  561042  539849  141724  208325   26273  449123  454155  927336  335822  937458  909366  102748  591172  311777  160270  725219  938702  621704  914654  209934  450908   53960  356729  862807  515798  748721  547085  121309  515335  742699
  671173  550628  516271  400045  402261  557796  173529  426361  945551  961128  822941   33082  638054  163788  391105  406820  347181  158628  202569  830594  936137  438145  477854  567870  914364  248672  576915  882165  913374  314593
  686045  651858  944659  543631  560904  820800  126617  326224  978274  333330  752386  643181  687685  494290  713980  154883    9629  361527  970810  116053  928981  114468  380866  525290  288881   51291  485251  578674  682790  566738
  110992   76377  798899  252716  801053  825172  218190  771560  752507  554011  709017  178225  173110  816540  490001  333379   58110  945054  955082  489115  671339  405990   59427   28068  785148  575224  776788  332232  696533  292123
   59130  584546  865221   91752  500942  267481  165899  190822  210193  111449  151949  549485  144530  790002  713272   51987  713173  576804  726966  915742  407397  179454  353886  885250  263675  784601  650273  840589  666765  563646
  575179  885186  218595  519837  428817  295850  856989  555433  138425  351614  888762  890810  511147   92798  385100  225126  764033  911080  103004  734842   27133   31985  849309  407998   73626  654541  975640  558876  749566  174781
  591282  323876  884851  390180  576591  202255  215351  311132  973814  967858  381495  199182  146082  554604   15721  152434  887983  590182   97488  359416   79297  768826  765405  138723  796893  550552  230298   90033  399135  443182
  155182  725894  664543  536754  333997  165484  320586  499896  872658  530778  611344   24606   80262  272226  330960  309885  840564   44132  886688  567529  476225  810437  263334  830111  212038  527008  614711  862311  367597  797828
  125613  324745   59966  860559  360933  488782  156408  734273  560566  294832   85887  965680  701994  597033   58477   87093  338510  822509  998172  957865   73702  541656  506201  923010  466005  579827   93903  441644  655054  843468
  898507  990416  767058  299709  380596  860000  501963  112298  687484  475777   80155   68978  191310  742588  139933  723383  895022  544267  313564  508861  903683  909212  277686  669087  564286  590931  735991  794584  197315  651477
  942308   39130   40073  123203   92235  374070  805038  412820  873965  677695  459949  485308  218653   56562  757533  549612  366446  598096  110095  769485  681976  586320  579921  945309  416430  791959  988669  547492  170621  356265
  616424  297019  684564  192742  157577   45497  681523  313985  296121  758441  125168  382007  724120  827161  495391  298948  430605  350252  637809  945129  308117  711510  486784  814317  150872  952789  910495  244774  910784  565549
  754117   95821  641893   37526  395529  538840  897526  897491  651137  101361  889619  247644  170338   80929  506583  826622  804311  917956  370889  634226  426816  274571  543438  220854  460009  107723  811784  712351  418658    9098
  345319  112928  911746  385392  236130    3980  275813   41168  933151  149777  718862  393099  635084  453866  449660  908969    3477  816105   23416  629924  101941  221744  216243  681862  683404  149024  473820  672072  212867  644440
  604593   43560  862567  289157  236301   20143  851005  434175  850479  147125  192615  491999   45484  916734  319159   57226  732034  749764  407478  369842  211244  231946   81351  698027  562614  232222  167167  473109  993347  594303
  363828  689127  621270  522072  726652  533150   60911  140529  430640  228399  241889  836611  992394  928578  433891  498977  755200  754553  416932  126088  388778  360100  400658  448567  580953  377018   72642  392736   89369  491299
  544688  558186  273719  456433  459929  509849  976764  735741   67368  909914  401869  302581  819364  553304  756447  269023  462272  276275  601479    2040  906198  703420  223783  122440  901633  423538  787815  375452   95610     682
  555009  114292  637862  417575  403448  874162  954069  770804  308336  320900  917928  500951  812898  963411  934036  648408  536989  666069  914523  944466  552262  125766  692763  633613  340145  255376  382186   23663  244836  891885
  918185  453196  696777   55806  975267  423429  588955  552529   80309   19594  297279  322198  372556  289673  250775  806446  305001  522326  560998  238284  648413  466128  598383  565422  914694  179335  942440  987335   88422  548160
  536243  640297   75219  326313  613082   51499  352513  589845  303591  419880   16111  705459  238813  351826  775114  511611  620849  237386  787885  738679  755777  694083  958450  495911  332874  860082  919448  637041  751885   15057
  617965  799844    6176  255826  733770  925975  129987  204191  696778  954675  525090  614705  971977  854339   94468  422364  502746  631456  604785  933621   92273  157046   59386  301387  790658  915882   73114  689196  939545  317950
  994986  522958    1355  691762  578763  492973  631542  167717  561853  711851  703663  375483  550400   76218  665155  801174  399016  486507  839852  476365  724791  488264  942492  323173  570038  373538   18860   28829  360872  107281
  154074  804479  655354  229292  130792  784787  797142  483304  890983  100732  419536  423445  322542  658348  775271   97655  169958  912471  851392  474194  651149  123520  168276  609599  619430   17502  469680  538878  170894  737917
  581080  557509  634145  587255  329687  884267   29581  976025   88457  726358  930699  613546  857414  419027  984236  468233  841391  486981  616040  446175  936953  224664  603220  996339  526050  910230  428572  599164  115777  368116
  576988  355857  146591  578342  563971  725353  587666  195512  893070  149518  907362  113084   41352  974113  189301  706507  291639  104668  709365  131490  581033  434155  136105   39876  273680  706142  413413  292539  734970  290637
   70286  324967  542395  241991  554258  673186   26777  867751  156490  917760  484834   92377  341204  323727  750724  116474  937733  437033   28944  789125  911226  196445  912644  595854  322395   48426  129707  308426  103655  300600
  433465  696856  441977  583961  800462  771663  468227  830042  264039  556683   72751  711090  686580  930164  130116  670815  398397  487858  674148   14436  934032  611100  239100   53604  123790  281501  480185  552362  397016  112313
  916171  311957  162845   62761  406650  726815  304466  994315  922327  713887  660184  346040  826970  701536  320153  532622  924394  611791  637290  150110  259632  734674  584265  395736  774549  374296  101878  704314  666834  353199
   46342  173940  625566  588737  415931  696175  261922  959059  563925  934763  393170  565110   27139  734374  888836  294214  367199  826568  731246  912495  132044  158824  625291   44688  271029  947685  609465  400735  256110  713119
  436829  346832  809168  395157  930793  125981  683171  399019  472374  947210  472054  545124  658299  674985  475287  788414  345800  390035  792624  536299  920823  243007  663750  676274  296610  303892  957774  293146  372605  871142
  994950   99356  665156  157794  678469  588157  400961  982934   98824  323287  213172  275359  185678   40141  493246   22182  572762  933991  150324  210051   84101  409955  461076  668365  322043  235625   42660  423920  456290  225845
  217686  302452  887058  359603  891188  819340   55777  669461  778399  136053  604224  687920  701162  631362  422293  106349  925576  305844  932916  173173  734690   64960  848348  359980  625999  119376  824016  235463   36462   80125
  405458  809433  217973  730977  720942  148765  373309  404112   64136  845682  351321   52541  390805    9619  727525  382444  314385  589676  288830  107008  125974  209652  350014  306076  402277  162976  609967  876403  972473  498923
  293470  451239  841552  474977  125384  520020   63134  526344   19305  161957  365982  232476  953667   68012  788968  446913   90193  361730  380903  756869   88132  465003  683175  549208  649719    5217  301184  692378  945488  757473
  464933  254147  898928  351990  613749  306467  687682  185877  975928  982432  838281  580151  670351   55794  727864  608996  162142  169791  431191  611410  859316  165880  676369  707663   42211  818719  343391  866226   54181  379852
  747544  894283  824707  965516  141611  545648  630633  514920  949760  211120  876953  301080  263660  784110  827051  991184  682905  141435  580860  971734  764794  223185  697738  631159   45612  100014  310486  171930  976416  282959
  434574  238958  725063  276126  713934  366798  312497  293419  893142  848154  971727  775475  596981  925394  843486  385949  372306  450031  264030  269560  206899  352161  734563  406425  417720  384281  411642  718903  593011  873481
  462702  519113  633999  877982  387454  764099  184448  591487  466328  160375  573918  304608  256877  760621  360402  501093  369616   38895  670883  800806  650304   46550  483037  843024  754213   41599  661742   97603  424176  232274
  670852  723959  693593  495559  205827  835203   41206  836459  866474  990965   47578  743427  808397  827589  527536  635447  818772  726792  293233  915983  698525   58026  655520  396262  205536  701131   12628  516022  389413  989043
  992727   27584  628790  234141  303709  342724  600939  132558  152494   10432  980711  124221  785906  577691   49614  629392  963639  938271   79422  227668  207830  802672   96181  458744  209096  513900  843025  137089  749155  952387
  993806  403229  267738  627804  281210  655192  908255  465658  246678  374582  142384  336948  195541  399261   97568   72294  900353  983535  627541   87587  300692  277844  134137  783728  120868  404701  825326  298961   18655  765853
  315332   60264  229354    8924  555822  435180  360478  113380  787990  226952  104344  351919  486730  912740  179507  530617   64538  514630  257408  357770  430613  472284  932147  602484  384898  137683  819966  397525  170056  209378
   10570  258233  979970  155711  492374  800031  498434  609664  932588  167280  620095  429650  291500  922352    7340  857465  551743  487331  312087  147516  231350  519916  950187  843882  495012  675635  874134  854388  812723  623288
  531235   12460  169081  798972  156616  450291  970515  581222  432300  733545  472155  574683   70492  667695  973943  684411  256341  390647  667945  883881  994586  968636  678076  645074  268715  798943   49774  610392  614256   68428
  902919    1739  269642  132272   10662  341815   83803  887491  455194  388144  630794   75890  740062  117523  504981  919568  164491  569519  434198  421898  443640  381162  410534  375787  983645  795431   29821  319962  192955  716228
  806774  339644  881520  786743  495355  890245  103125  510140   16260  552064  677419  636354  981713  485270  558706  505405  342734  626800  992735  654820  774316  740436  691088  240854  100670  702451  916488  974803  556838  245563
  376244  145490  597239  545324  944461  753854  511966  431328  851427  944265  164872  323581  518948  235363  991276    9242  919773  763968  916241  104069  647848  910826   72704  325923  555899  857770  641218  122024  468161  255473
  529340   95873  717966  315333  744497  244979  657147  344651  648821  112341  732795  279615  704582  989208  913489  209562  908776   77980  295432  859325   16229  739072  756838  426762  631210  740482  738544  177382   60443  931498
  598090  363611  585206  995961  666705  596912  402558  769830  623404  418817  321893  300822  571523  303606  302444  646580  325362  161529  273379  834448  332701  564046  574883   23788  804900  675552  242590  721387  650354  799427
  706803  360756  917314  304041  906079  378126  574247  934397  809453  425673  878661  974324  749254  397608  726038  256881  923202  162162   20848  839442  266230  185047  750267  855285   27321  822517  713054  184890  944540  697566
  893609  106134  543723  127926  421466  288219  372904   78613  149221  538076  707305  882015  817690  928238  871223  247531  137799  296350  325510  433231  672026  858090  172302  428863  801204  319863  685696  539747  497244  262490
  966949  764795  163037   68507  277108  346093  665418  679665  115922  288821   98481  954167  105995  186355  774124  408438  832934   99485   86318  106313  933932  419018  186710   25166  959157  991609  217070  201746  712996  867423
  956714  651342   58321  874027  955382  480752  768505   45980  415148  577957  471653  293808   68633  737258  207768  794670  510490  130969  956832  531337  970410  223061  232735  237028  594698  260055   59544  307751  444945    4083
  987597  390852  368624  531319  518777  306441  335889  408032  901405    1461  946107  125061  399828  280149   53298  787402  527679  191097   83751  369540  140679  272128  743981  829332  700990  545184  149194  903037  601283  646437
    1172  196296  148570  680560  264802  425677   26653  446572  105341  658926  251744  720173  613092  874090  906528  903567  798879  255813    3051  885197  362125  453334  304214   65187  478500  263371   56795  695569  465116  286142
  521669  401658  655424  579989  792037  127157  577092  560541  173137  992239  138497  161141  802399  207129  898398   10166  518151  925239  141134  474982  972927  627895  214394  205661  864922  809091  982067  924465  633194  427011
  165526  105231   37288   50501  636549   72416  356942  488789  996799  774698  490249  459257  899759  890076  255757  953056  193829  783435  660504  277579  669326  801182   66058  413307  630513  283399  474842  779706  186435   76124
   79343  982640  482438  744264  663199  263591  169940  206203  226514  791632  865129  478258  511805  994572  352347  934684  898139  151226  190496  417541   36422   68973  387227  340635  134159  865726  120357  190953   77646  585473
  444899  154862  345021  100322  251202  653409  743830  828294  213949  916966  820532  868797  594458  622930  592278    9207  149447  110428  934445  806932  101761  907371  434826  316154  113031  816099  125245  611450  256915  274790
  426142  868313  181354  979781  435165  334254  568548  308458  339394   81698   83156  345995   57307  982914  752422  313063  452321  946251  612850  112825  740181  282175  914006  806239  695481  544519   89637  170323  840576  792424
  993447  673340  568112  475884  417604  747662  255826  587543  470217  482340  379175  335345  960597  407331  846268  829295  342014  260758  980520   48861  194651  533293  117833  581877  390280  251991  963954  510636  959296   41599
  554812  701813  429651  899832  318486  197204  553240   62316   25497  283540  495633  362381  152337  606443  501662  744614  615649  651109  371393  550094  974392  473153  973816  409218  789306  603199  741668  430902  214648  514935
  762798  266718  660736  460504  762850   95900  311109  847750  404358  650503  929447  487513  996497  986753  986778  265270  299816  439098  211520  912665  551922  951701  711191  982280  757939  406672  526798  363927   93346  883725
   96108  952742  714938  180571  944977  132541  444585  200802  720084  914801  199493  615610  766497  676441   22940  612764  505736  881305  389874    2607  930165  584524   52252  564350  682752  442531  816340  646705  953166  291987
  705691  769459  216747  651693  185643   51585  848897  255234  630252  390745  538774  642236  753125  691110  248678  254787  952075  864327  422247  323467  930772  912990  796619  904587  838559  585924   24137  580227  533178  238784
  156350  856143  666794  817085  832998  429644  429337  144107  277393  833694  794609  723191  837558  307457  709944  824335  572726  526111  263432  300598  955127  331706  252298  666317  313985  526588  589340  357134  406866  682685
  688303  565626  761080  919592  262548  222408  568485  707132  939562  804920  621932  139054  420529  388428  815495  959820  517544  837582  841124  423769  840188  287640  524644  892439  851989  207395  851321  184681  854099  804487
   95161  238868  524595  828259  406913  710237  879843  255809  965470   26446  646553  504243  668682  916030  711704  917359  687168  663778  298037  625766  503596  228808  538755  300214  649747  377314  402490  673883  957540  935667
  240858   79568   55180  907652  896652  888177  853647  842340  548635  131039  192385  859595  854229   29942  683403   80524  370628  772481  606634  634060   73078   78112  482117  841727  744429  796101  884666  850120  669586  291531
  993019   58753  886464  754099  494696  149011  976506   63180  856143  916067  868099  994426  571473  804979  382854  386967  764798  416749  224548  122273  840517  581087  409913  365160  989878  261901  572554  841198  962933  943004
  429019  569052  690886  953613  397310  614150  180201  793505  869958  145670  819950   32863  166265  488631  948892  394320  922342  152411  574450  220378  778176   78045  965538  316930  894611  131636  694243  297100  321870  168134
  532805  910443  371098  104336  334446  784102  508864  188092  142793  573851  835482  335178  433445  206063  365119  116848  286586  735747  889328  409572  886158  962405    4035  884626  320483  264815  197078  205148  114935  866663
  162036  955952  518108   48499  710050  529155  713862  202907  592335  570004  635326  976785  564429  206798  781764  463634  110116  546561  880382  851015  185186  720898  432101  595098  602409  938330  373350  691314  295880  852635
  749118  750888  737185  956355  220852  650847  570505  401052  444351  956814   63074  780652  989676  229338  785635  454919  623657  707976  607329  198106  444705  385504  792503  410242  218786  687113  541877  913028  984212  380099
   13030  164091  293457  900480  268426  627903  684581  293641  332346  827373  867491  684180  678902  300936  890242   44021  934135  693179  296119  339814  102750  182276  818570  623137  583253  139052  887951  780330  344199    2885
  634317  457915  808586  668776   22766   34987  197931  736627  237893  306617  306630  389570  799753  387410  596367  581516  367396  222834  644429  247777   73848  829614  485027   22301  941063  603787  960630  830764  295101  256509
  597514  249681  130986  334698  722387  868190  501896  292891  269241  946246  766057  332314  726898  272084   78003  512532  727003  701660  736859  850683  416117  181563  752539  208619  591805  971324  895731  650033  400703  396294
  646992  873580  166975  456800  774059  951752   84702  974991  761745  933400  802364  629235  617579  481265  446522   24172   41637  897008  717350  337755  236821  336452   36382   55390  959588  619634  194441  847538  916315   54991
  683398  929417  230776  491983  114545  253541   43321  828827  506519  797566  651795  329500  187135  451547  716909  299854   33063   84304  522687  193843  848433  596535  539808  849811  618835  480870  453597   95816  827985  748697
  546483  998216  162326  677469  849266  401065  545658  351161  210307  331250  297407  976363  179916  540656  248447  257918  569539  491801  959577  306397  342483  892046    4311   95021  617016  112467   66344   29099  278852  467047
  850423  563306  928571  533749   20106  218981    1853  621159  193972  763597   70910  512687  909183  204840  510303  872057  229011  551940  769064  946361  406046    5885  799164  958780   61274  758751   94765  772067  606288   11080
  352325  511383  194466   99452  519717  825362  869344  563038  654188  375862  360603  305982  705361   64089  273880  938621  363942  823294   22925  886629   17136  387709  483163  556943  753871  101997  554164  207467  197812  898501
  941744  825334  465262  620422  502802  830879   21486  564811  182040  231792  412413  995798  208155  592328  536453  456601  850245  622343  948401  326174  445091  807235  734571  449401  902256  351586  561868  484951  380684  840719
  343409  973062   90737  271979   23163  627194    7312   25015  764705  201283  304963  835614  713969  214145  556806  224271   86201  785816  292562  371617  248528  698608  377501   47691  173739  955126  322793  268503  243544  445433
  472516   66488  926235  183333  682291  445951    8694  551634  525340  662881  927495  402294  485214  632855  466383  275445  571476  830324   98739  110752  716952  115874   14812  716466  189169  768682  334814  259684  492500   48978
  951997  838780  666052  933611  459201  685206  764489  480686  766368  462880  712477  178780  458677  436983  287459  995129  409935  137704  133823  874687  980229  578913  681922  714799   28314  584177  582736  590181  585479  479772
  795934  586953  418494  886671  375283  958008   30216  382594  499374  794920  100228  804336  146886  814196  534833  703691   38467  137385    5858  847380  509001  770738  545987  402853  818428  236077  874331  141221  504580  117874
  674536  965015  115465  600770  148347  314108  563073  673392  865741   88412  852624  309588    7058  337837  458794  473440  613282  546621  820115  228372  657372   53419  860597  188535  769884   49765  473568  104698  825801  966068
  430899  537476  318551  613302  987438  777751  298507  268278  774788  581227  731158    3616  760006  189834  440599  563817  701315  850533  701520  835137  725220  198100  414050  923493  429250  442363   24021   11985  548895  609499
  586653  816865  221178  521498  703535  112813  995858  250103   11758  495231   45022  111986  815919  708259  926181  867103  928301  480999    4487  934159  328379  513488  704896  390717  432692   39675  626794  307022  697247  647725
  153675  500336  447434  785491  617458  112133  615950  180530  785524  481691  785293  638148  307630  792350  492336  766423  782141  621969  313044  602256  850340  486767  172026  710937  191654  458261  277053  665221  562958  619205
  491756  496145  663326  326658  109446  650763  104408  924305  435393  395547  505531  166550  399163  781888  872735  839761  345704  574049  206645  563575  925538  448216  761674  855939  371708  190923  814653  395728  719260  363547
  941248  800251  464589  678777  838101  684476  791589  833958  934578  803347  845540  495951  915332  177810  204210  357864   44912  132510  838863   49399  583020  167241   79238  804267   74309  511929  360294  701102  335303   57540
  631288  232984  119541   78722  534827  736998  707206  667128  433879  492729  665170  219171  647228  972799   11521  139564  739222  793661  277884  568617  912268  128224   55383   84293  355512  247036  542554  632564  428609  621863
    5227  211015  376043  668552   54025  485488  835667  674784  926144  271059   70331  431674  953960  469493  729914  826694  825605   75617  917095   32249  639192  842632  996817  917217  698570  368524  624492   29574  280604  343751
  865178  276550  857791  329767  955326  212243   14242  263267  562552  948819   66613  408091  444769  498296  102253  165330  856159  147164  814192  695021  712914  397211  378613  792151  201478  969274  820432  561771  186727  155734
  251769   59896  371199  887661  654969  422377  141010  362174   89504  574888  371255  754674  794058   18482  243824  321930  674397  983045  631943  952281   68013  544210  596856  639748  144855  952367  403135  203760  101282  831743
  393120  802182   71117  285514  987085  125141  771001  822751  799925  213497  610161  870255  161522  564120  856099  891435  907166  681703  967052  824260  230303  122595  183243  227119   39811  398164  111995  180654  427737  392598
  135662   51905  948635  509804  381671  420312  722046  912264  683578  284597  377434  266542  209040  338554  281189  311292  503884  137348  458455  318075  348720  171369  231637  243685  479871  949466  212958  300302   27588  399684
  341974  869402  891639  713172  273414   62959  651900  414423  941485  257756  505662  829091  528781  816072  363924  772604  138001   38321  272001  769943  506953  340013  830505  103808  979760  975359  572526  382895  179118  190159
  524404  337208  194779  595521  622721  181863  237013  910073  520966   36937  123569  131126  423543  801443  211598  279641  692877  118763  477695  176280  459374  707998  815226  158968  451468  371389  557131  563462  552042  501219
  972387  163250  451588  437373  673053  349610  374037  911451  778225  573966  196047  672010  840508  921438   10564  638048  232729   30799  775395  207536  865225  124115  378904   96861  367799  375126   46327   97108  191780   73914
  214637  521091   59561  622627  750615  332974  201938  918866  263749  143422  176621  769410  488864  705401  101833  852787  478005  239834  407459  266357  526128  914411  606369  356632  534570  586129  848342  623447  485375   27459
  472411   76446  838426  183541  188318  977498  365404  425330  887570  402721  462267  527491   50198  885809  328933  778147  681802  538161  413261  159496  714441  872634  383845   46018   31601  835313  417406  105083  915126  969448
  496791  680518  753515  464731  117891  426568  330692  491927  854370  108917   65892   50416  297278  422751  971854  307841   60799  720934  338639  352545  928469  720215  993011  823724  817076  360809  198850  379754  974268  390629
  813606  700011   64902  873166  838990  331868  722491   40927  250733  986239  700700  943706  272001  189563  165458  373833   42349  643462  130018  449808  426170  172498  880570   32539  529129  415140  135019  377471   38586  620393
  606301  387537  562245  961078  571077  750562  938575  452832  175891  826145  371904  154509  869987  422102  556670  198919  716600  238471  737079  129861  397966  967871  518846  781811   13889  550447  617123  947646  171881   48600
  453667  471059  587498  723534  452141  705388  150101  782832  713666  520822  408100  295910  571237  705378  718660   59442  529570  295810  296728  384561  648355  225196  104775  641365   48920  921850  518526  764121  301603  492793
  921281  368543  836755  502534  241708  675744  834401  480551  233022  601486  466789  933721  545191  255141  639635  710648  145326  681984  870462  791695  648143  296631  964192   45064  845521  493321  976555  980539  387143  531493
  917093  778182  952488  995689  255611   39917  746250  194186  492748  438493  536682  381004  109353  406668  319457  666022  121938   36056  904492  859016  165916  302458  343239  684762   84268  873479  751560  217742  821124  923440
  671101  271622  480203  258598  995155  932343  480338  661607  231527  194003  698780  155978  489912  270016  861355  724924  845810  390925  537085  142537  775485  701791  884084  396611  343156  449355  318461  378033  213475  136415
  600931  308423  900035  437686  327309  658095  629781  161709  138645  862803  279546  121785  796523  341088  376926  436158   51736   38603  634493  438549  830297  798987  251531  310841  844050   97052  320513  336957   77590  707655
  782693  254569  217973  735181  250257  989936  775097  512859  184121  784196  467703  720802  165199  577055  643821  484655  243077  765758   37063  147568  624773  202978  966377  484363  404091  566996  357841  672002  301089  695317
  387177  400927  924388  383732  659525  435894  316074  139862  613852   63952  850216  312631  219930  340128   98999   81284  581403  461160  988560  118487  120048  280396  820278    4131  677007  679785  453486  511819  574169  183312
  868449  194873  532429  768483  632558  376089  426577  262338  537798  565221  125140  333695  687006  438015  674783  580283  390524  242870  135237   25016  681418  481885  340354  449300  792725  700755  546351  113237   37711  140293
  111794   83782  949885  329766  818962  716493  319701  594058  745703   20173  894605  213405  257326   59804  790460  901146   60810  549888  666903   97872  697455  808028  817202  180184  808742  737644  747179  166583  409646   48268
  648233  961345  584239   88973  345076  243763  524866  177502  899976  655070  241453  750191  967700  461382  606670  583050   59018  704424   44209  563929  822911  164256  844325  159540  168387   37683  839324  138224  549501  929844
  337243  906159  335165  386024  674642  967722  762112  617570  746411  816261  182791  387903  149956  386148  825917  341090  482782  216440  583959  618018  757807  265376   99902  614512  714675  408979  315266  777378   38567  352977
  378251  521439  132049  328135  367556  467362  560979  203609  577771  306682  223781  472375   36438  481107   48530  826897  898604  109340  893136   81859  723563  590591  889886   57116  287126  698627  794760   34304  381561  204405
  837887  714085  891188  422125  803057  752616  182239  844275  446469   82214  499344  687921  348757  983395  665655  471778  566445  241024  176202  610653  804952  515464  291261  165628  675003  975999  203310   30678  114222  752810
  917670  892162  259135  252834  794537  450128  736907   73000   67698  483317  889261  766840  387571  555568  152987  213487  413009  635768  946278  996967  770137  220436  778694  870038  834947    9720  795368  150213  787097  833935
  598923  759811  725843  730971  604297   93398  714684  681628  297006  292454  988309   37139  764829   24746   34597  329710  367995  933200  439049  261130   15058  678964  368072  421295  736079  655197  636274   47190  205853   17834
  960521  952108  466895  368060  890585  786303  120675   72823  630577  567143  671389  646272  771416  536497  629667  953422  524626  712463  194445  700827  323115  999396  216290  130727  681376  407644  106725  884685  438321  737298
   19541  221118  726096  278675  473951  520632  728803  727209  593631  312852  210526  999243   79691  114448   71162  232677  327935  484170  384796  790564  481136  154932  527352  776181  541321  362298  785901  336689   28862  572997
  251594  804775  293997  493788   52098  414645  103538  766781   96272  916895   59235   84580  954033  340415  625678  988629  670124  510024  438181  625525  287505  969590  304488  655577  390885  556918  827125   27158  604108   32977
  153847  915193  205758  137093  283253   96342  923395  920279  685516   70324    3774  873256  716595  775189  409752  862613  244962  934378  575075  439406  151556  414542  955153  884198   61620  636528  291841  168345   37565  246514
  686975   48402  794115  413070  843429  784417  450053   88583  511626   43683  401434  238503  559278  481124  352950  146791  230152  197236  630961  614947  987800  628448  286230   31503  404629  827550  393800  190529  680590  939014
  561343  372053  354104  371691  865841  406201  786336  969378  172981  882607  886272  748567  483539  356657   88981  625568  861637  275457  135591  816169  900981  423095  785759  721820  595023  692995  795089  422148  236504  399196
  905642  191411  161706  111399  328503  961310  724092  251897  881589  409608  838572  885362  282863  555167  176902  208967  934131  421863  659696   25558  861268  811251  956451  332772  211800   18070  969300   19993  702766    6864
  279877  367564  503767   73991  296985  347195  374760  747037  435777  886385  307072  837210  641239  382701  834685  510540  529491   64836  707776  160451  679782  211927  305251  482363  243429  709879  826265  153580  416759  506854
  971476  314198  287601  325579  685889  669793  248131  472224  639170  937464  871182   41793  686030  354720  914801  775011  980287  292790   50467  632229  108958  467799   55324  894716  189618  166698  104062  984706  105197  340565
  266506  608408  198274  944563  236158   43128  905873  960250  295024  303813  369857  133596  189174  169071  205114  366075  378037  655596  787937   37732  197505  165556  365335  153955  498327  577134  688377  983978  597126  391142
  608945  696635  390770  112712  286978  204106  976258  661737  951143  412035   64473  774566  765596  705711  157266  116633  216250  203108  181468  440377  363559  377602  652303  185161  859964  412083  895039  686228   82015  311797
  900254   76673  654763  704206  918603  340651  373998  683086  329226  529519  620549  200407   87663  306578   71479    2464  597940  568117  295253  164758  200346  920562  632556  772021  815278  338525  938718  435691  839583   43915
  507193  379983  999549  221818  840898  235707  264945  263122  712308   76321  566934   82164  726268  756107  251234  931381  638533  145623  103328  426469  699706  300833  108376   65040  971139  606702  158526  659515  107032  755651
  709434  690959    8431  616555  803670  295408  820660  779928  473496  771802  708314  537968   62719  990261  760030  736336  106893  492632  939444  804713  933008  819354  182314  101663    4514  558629   30097  899552  244857  112111
  776256  256188  636939  431018  960393   71893  288020  850742  754978  133597  380260  375526  334003  984274  198456  921833  986737  796395  489950  798341  477505  690295  718903  110060  462315   50532  964937  917384  486222  320871
  567009  614224  651986  566557  836042  492883  318615  100986  756004   30922  177306  322937  629437  419925  595395  397023  867657  233927  542645  970985  176747  242350  788169  285122  823742  759307  408175  982267  935174  515206
  727700  470642  803070  252482   87196  123091  547890  907855  419370  537737  196009  127683   75705  258727  634296  835734  511415  741188  328365  450858   62252  777725  270211  244565  395739  274724  803194  425835  690627  564402
  961298  778829  577058  114588  726198   53802  186481  530569  420895  941458  664165  801154  833336  514520  785427   31791  436352  288516  344537  442653  603208  822041  132947  838462  448453  111613  405345  413389   28997  407919
  254269  502182  129430  422606  585090  481823  915488  420057   99160  187843  967330  792818   27131  596767  212742  622525  510141   80399  372803   52785   51383  549549  811486  839551  351022  151579  115209  759197  133845   50382
  537946  418326  551395  857367  670807  638590  980457  735048   62796  399827  272785  258804   43861  864841   33883  678156  700574   61649  935696  545291  512506  997947  839367  299068  758864  235105  573791   78409  177291  780769
  250611  506646  186747  344020  621234  429297  397821  324066  959865  335067  265523  624030  136220  615210  138549  437998  163352   91252  242865  507889  533905  846073  329929  183203  200886  294733  294816  606231  224473  840164
  790754  904466   68915  920183  327071  654005  918357  758911   74061   17517  463105   41390  810334  490236  154508   23075  112760  664648  103473    1915  717432  671207  551463   45270   27109  418837  196848  142318  178033  847045
  159162  715236  199094  710556  572602  386252  349145   69411  637652  928292  985589  910436  703448   29449  775276  253682  223957  992201  315330  159652   53843  827835  673950  409561  126902  949165  644665  217044   27573  821956
   14149  475083  863161  717247  819102     746  146543  733274  324811  106408   68340  106686  730437  720911  721895  385337  675261  885247  992940  918125  909487  526844  280549  755767  226399  481435   50500  521214  604017  274972
  709051  485138  267862  777966  921673  111284  431970  840029  386546   22382  857545  849651   63771  667878  339886  218279  207305  968997  399278  310777  970911  633062  498336   38726  678331  525444  457562  391530  184113  151946
  997812  186734   53543  713257  413641  142497  615860  279137  728259  253511  207429  713847  680298  910876  743295  971925  164557  967251  964126  479886  643254  534320  824072  833556  943881  467325  782720  104897  684368  326645
  877729  618165  266407  740889  335411   85508  741635  998306  335134   66445  104713  403473  689482  351501  640736  411377  253189  315996  812975  246128  750472  722461  289324   31021  478227   32074   28807  528726  553287  632823
  754926  893164  637083  539139  187481   75107  650423  619450  915136   36968  158183  772680  402970  738305  956910  742855  956583  164214  228204  872213  991342  199114  505274  489677  754191  183604   15121  728104   91485  199233
  443204  198531   29730  496747  911787  443371  155595  527646  238859  883853  297509  446287  597699  977806  873514  857345  949731  554422  340948  430208  550659  984201  480879  374730  334108  424759  842054  633180   46008   42773
  320050  947367  767339  586456  204607  619101  188315  462593  617406  523448   45390  238470  443273  734871  106322   84008  146247  359510  916355  959221  121990  666826  198033  927665  214198  676260  959738  759356  204985   29376
  396401  362763  608748   33484  901901  796228  108590  552323  932029  540077  105643   90211  312757  508612  828516  786018  767819  301450  950231  996022  173662  941572  711487  678935  431249  465678  378890  962721  193781  470375
  476176  489211  241303  505905  502309  669441  465627  657903  197087  704486   58107   10947  667124  655805  988752  540638   29502  454834  611411  370449  401393  162070  871001  882272   53151  205109  823382  411557  838288  869389
  908530  525034  493094  675868  627841  697700  811321  816156  160293  428726  339603  722034  183548  299227  456904  289869  383234  119503  165731  815940  595075  287720  999118  793108  731736  213315  469367  691473  489023  190703
  161953  590182  833137  770701  140017  735037  566928  764958  803712  498957  821387  425706  105519  134143  450669  934034  436512  218487  235484  386742  214508  925497  844665  442347  604432  275913  908024  983321  238633  618156
  454329  314463  874952  211984  336719  377260  881424  802346  551515  594862   23183  125973  605808  206658  298130  110912  747295  327631  565745  875058  698079  967138   37127  569079  365761  606629  774187  189142   18185  128826
  237200  397552  232089  730293  589772  859929  427992  401092  192436  104636  346169  532039  826669  529716  831265  283573  335937  730851  919427  501667   63142  514501  305738   62259  307608   37473  791926  293326  728945  280948
  970047  916938  724689  319535  687638  381057  570924  770917  662367  374635  786225  483753  316692  891744  617895  767360  825777   54406  985847  577612  957499  716706  503109  802163  159052  623892  594428  583427  607212  349412
  574883  988866  959640  449834  200849  296359  343445  598624  615056  411311  193486  154590  537284  315645  361247  835413  426556  624894  163043  992301  499951  861121  475790   53429  946551  841550  660057  720738  547043  678242
  484029  966144  194851  716117  696436  784622   92397  640779  185713  284833  745415  531882  333223   88435  577949  680839  888359  913885  928041  807785  931903  991183  322286  237640  569793  146245  275112  361718  439571  520408
  717935   93611  266349  442623  413145  470338  340032  984068  241255    2398  875054  543831  486150  191745  435574  620396  959105  777703  191153  461303  871666  148651  178008  374774  467165  853412  515017   61592  436838  638581
  365915  121925  183459  325555   88110  900659  138265  431555  499282  753320  359217  209119  424261  896500  524764  785507  248264  951319  410400  411306  459971  426702  788778  452112  480130  735329  810013  140187  972418  357056
  159017  923599    2903  353868  156067  215690  654841  764815  856469  840554   49647  118235  888787  899221  206669  983087  580060   95028  413324   24452  419164  345226   15634  741449  582866  585427  887694  857977  463496  327264
  927356  671124  732191  193704  630099  145335  180394  970130  645755  938000  972527   37160  481830  458676  228905  433756  595423  704361  211458  786575  165663  599475  451577  343670  490601  918741  713433    5617  496685  666623
  334780  854684  478980   34590  180238  567090  935248  834854  514996  950881  104525  874212  160000  528785  770712  201115  830644  535327  668785  241043  946633  645108  184097  251762   97219  664226  503442  907232  320764  992211
  378385  138865  767214  897639  492732  923280  113329  147572  204446  969797  504477  770445   88031  909615  669665  811051  409054  766076  422430  822377  790528  841594  683954  322513   99394  266819  424291  987087  641148  887787
  644197  424040  337746  376387  134095  967844   38074  830840  937973  200180  768839  426851  237339  250669  401878  466243  200776  997300  686955  928585  783874  852617  528059  235450  712639   18659  670543  426071   24276  683579
  264287  171895  846895  259618  722836  543484  343059  658083  378338  858054  125316  999214  248618  285315  527999  535681    2781  358642   71007  671565  116036   17639  833024  300132  785753  930243  480710  805546  353826  317825
  830702  535884   26651  597915  433522   35734   37546  546850  699657  758344  516646  720486  528788  121028  146452  198452  448431  555505  480880  387212  894233  787759  228805  578187  110271  844551  845005  534562  831637    2504
  609045  184824  623970  946791  561211  758064  430986  115636  105256  885311  315815  874094  312161   69505  641114  714039   52100  841889  711338  739054  770473   11564  591671  814884  763365  820661  833542  433907  763083  374169
  797757  134464    6072  161003  394081  728907  704486  253492  386990  599175  111545   28657  598389  360162  313971  642739  895842  833103    1380  966849   21019  633767  500839  854043  450251  802943  784285  930960  608489  654462
  938700  178691  538387  481702  292957  971909   33787  846855   35110  249795  605198   68108  970280  133985  705487  633084  848788  153917  704940  846019  541129  599173  633777  286285  177359  744048  130835  538715  794961  478824
  633837  372128  558993  257806  835270  636555  532222  266255  752190  637477  667917  584356  511570  980078  653860  669036  210468  705959  510924  438157  445013  797749  449720  553035  612632  729437  890047  446173  679695  653129
  765136  922597  788925  771207   83599  699357  500114  304436  952848  403455  419963  580745  432111  534703  457258  262433  177441  869452  611887  695172  836300  632905  845290  853490  486947  295540  172785  787583  742851  781273
   57571  250012  173866  595957  248065  466822   84217  798203  830028  119327   47997  951577  703786  534629  601913  409272  167712  450701   79541  389003  813071  137021  988175  446848  423305  681885  707247   70492  736952  502207
  336694  313532  541608  895686  571337  376877  532240  619910  159484  284429  257386  827400  385136  285308  323829   38995  954343  534296  744954  981618  488805  706318  779366  454876  775704  908349  184312  665750  870874  864007
  442044  507987  703869  747320  279193  303819  446677  295658  608254  915876  215464   28216  496620  163926   79270  953878  942710  256710  339681  554596  468233  692332  187501  313523  545821  674447  125414  234957  462030  868265
   65667  794522  268570  239532  906830  516634  222705  991047  314836   52733  626725  879184    4309  330510  413812  606222  256133   97875  573274  335673  486878  386344  472693  991404  349543  895998  673289   56789  482841  926592
  318878  207567  177538  860486  619604  265226  753714  151843  885136  913197  952623  658873  256949  337758  460532   97129  376752  414874  631425  638057  912844  636581  860726  208561   91456  636429  116910  275768  302178  504135
   16229  420425  376251  236449  167745  171795   56619  130773  983805  664873   46648  199268  209440   59620  363194  288710  529849  822255   61771  869529  376851   46356  561860  564351  876230  624032  755149    1643  858989  217178
  558995  548507  721113  343916  304390  627942  860549  527094  135340  691736   96178  278416  570920  100487  125277  501083  223060  381410  598958  312685  717082  602187  699028  706127  593590  564923  118476  266878  621711  601316
  139774  621056  711701  833663  997893  331304   98888  267958  999498  500375  181155  952120  159248  954455  806229  619779   51583  699332  551005  199359  853741  980200  835939  714466  188760  443747  350895  822021  719514  653072
  869907  391569  153955  762509  144370  321699  934304  200988  452471  918108  382212   15470  633727  108004  591441  513272  913065  121289  335527  491187  990817  712377  537542   69028  793079  930123  693060  548227  931766   68400
  193469  697058  666174  430933   40973  970563  575227  417874   14008  226918  109609  110186  505334  196880  727024  146962  214315  950083  528371  813272  262767  761805  931810  478146  467931  525399   43068  586406  308629  664779
  326155  375639  790479  554207  725653  788371  401862  824540   56329  401359  841267  753835  869830  516866  224641  192410  136644  276223  891742  204000  991934  745482  700551  344224  459947  889311  787970  810841  227683  507483
  765405  318024  459968  919359   80533  120689  757409  531188  321677  726231  449295  220240  258052  599373  328243  849493  112645  241307  970781  964523  732494  477950  676899  786387   63329  469977  716510  756388   18203  164627
  704073   18449  878188  370246  449382  919160  857160  540960  853385  871167  767877  479346  981352  273210  676225  708375  420172  890539  658457  464894  220162  437575  743050  151971  432073  210980  193722  991492  313737  502350
  980265   70190  399473  770743  624396  125125   75466  542610  466017  648146  943968  307283  918332  330150  824148  142972  522559  477143  935546  930652  197495  927479  676133  898045  271703  652432  303707   59672  979624   47742
  341139  299959  482650  317459  735669  563182  438147    9429  610721  276175  735659   60015  496415  510063  175740  824657  359555  804736  582316  330335  769258  831161  324636  962508  617547  387965  432484  334056  660704  967038
  172622   17809  520798   50809  904406  486531  969969  761565   27490  823353  632732  795367  302698  614083  584928  495275  838810  521451  902165   13618  502697  638679  451193  245746  307001  399617  456726  500722  391108  286814
   83507  959888  117931  999331  730631  258678  124456  806096  801287  106824  970593  261607  414106  888924  108108  754605   31895  630666  231747  483792   77670  429241  411271  753802  843638  199325  922585  147344  258996  902209
   15034    1843  783349  497684  319301   35369  577217  757447  561150  187938   33622  813160  764304   46388  323222  940043  871044  682776  744778  969711  529463   30387  800871  854098  992894  418418  242062  941729  268825  419118
  519423  563730  820975   40221  614538  725380   43103  100858    3297   70593  440563  636028  865959  743260  766462  967238  754886  605271  488689  173403  135241  991385  812081  586433  237130  119081  502401  210207  136155  893508
  195085  858854  862096  829367  858185  109078   88045  498992  431525  405683  605815  402117  183641  536272  291040  291748  290876  839286  438766  522622  323078  516435  468215  250700  786588  311852  450024  709173  975547  225371
  908767  283859  420960  208467  297894  740260  760187  875110   14058  321336   63047  564031  134496  343703  610418  457717  800097  997814  140493  544875  967524  186307  575261  768395   40404   84507  703164  798818   26235  488340
   13373  655577  457237  834347  212149   71775   76078  255252  172632   79374  842196  613194  715401  224506  872806  998215  191743  144043  119837  196783  317445  255077  704519  129525  357861  458001  764958  860261  668207  901112
  127733  170632   84225  989828  516350  458761   98906  604394  957752   46782   10077   79918  448899  710069  616189  256290    1817  907064   95576  440582  946037  935005  473368  414251  185704  259955  242454  635727  485479  734353
  217935  451353  288550  638894  659819  586443  895505  420006  977905  425914  257693  557303  989945  392188  901005  600362  366257  701102  114527  506749  762328   82051  693055  853940  366797  249810  938446  586312   48627  964681
  753769  197931   73040  727357   32277  285189  799131  108355   56792  488115  187728  415339  617660  419481  639844    6817  934047  831586  150860   53883  544721  468304  825312  249239  114181  183172  707239  395490  559785  891798
  861097  613211  421336  461673  603039  937685  436785  218296  542079  394536  781429   68507  990805  230327  778575  606993  486617  296743   30408   98544  253676  976445  549900  727043  907047  735603  986998  149501  887681  988828
  591003  782913  416033  879553  938158  592204  982347  833662  528561  960251  775928  786253  517554  765872  178441  418558  882585   61049  636011  997112   84149  398338  595514  293555  252278  478662  543364  707075  581325  108343
  296601  829905   89728  885992  557261  122005  687532  356392  746711  260675  360858  450790  676013  978517  870270  315856  501686  804316  663794  652545  374551  208514  637200  199862  974104  267732  383033  681343  663221  459169
  883853  265129  602039  305188  726802  721429  759224  163586  939724  301302   74474  237504  886160  581630  467831  181087  188623  470799  477829  219030   85694  731505  711826  635593  974899  618873  887547  961896  284725  775227
  671755  172327  891255  604140   51879  345765  196343   34226  695778  724903  510828  471705  511155   28381  237576  205947  963291  120161  266995  599301  633624  351143  513991  745489  644697  282620  224150  704413  989694  321826
   89492  476173  289073  179219  878517  846334  817575  566048  719077   80637  826723   79934  531427  502735  574802  401696  334943   76487  722364  515088  245383   96914  723601  398935  296775  214056  183018  196159  411750  846239
  950724  684929   40355   69114  506468  283508  790542  265691  963446  246617  566993  554271  484120  969504  135900  468302  150590  324522  939100  144771   59904  541145  392627  771729  176737  367525  906953   64283  845773  191677
  812755  661449  494152  220361  265588   62383  566125  461930  612960  261903  703184  123787  733607  214338  152168  487535  936637  631810  124047  203631  231110  757670   71126  261452  503158  232174  544071  243659  936586  533765
  655328  501241  838763  460752  680460  717279  307085   14386  799679   26161   95023  626401  622446  626449  645487  197248  544496  496781  790086  266859   11868  551821  880124  251820  467107  176898  465876  650124  889409  877625
  355861  312848  876605  396216  381961  383072  196075  172502  648763  159520  935470  732107  713790  419589  701610  366042  887891  368552  690563  343342   29674  266818  884487  422300  554899   61223  306176  461851  641858  151948
  565484  749340  711565  575987  486053  493504  638369   52177  955433  251328  830431  174968  891467  564038  389305   43634   51572  842293  191795  175618  562276  939256  449639  633401  200708  469148  865574  744778  229158  802160
   12714   61088  378866  851477  521839  575677   85107  828924  106414  884785  371436  201436   27537  993882  344236  189376  707481  888732  686156   13918  671942  698024  565738  552066  466195  549196  728963  932070  199320  134723
  653528  997718  981147  530132  910285  363107  913204  622712   51960   78318  782231  987429  810424   12373  923370   28385  378414  811260  913288  585328  154601  942961  368498  555439  881612  923396  133014  187788  385246  774871
  794894  310993   67851  506458  886979  553903  999961  525348  122432  471745  293027  952862  646712  184493  516899  552369  744478   84822  394661  936272  776791  473288  391880  742781  106688  592587  728280  488614  337364  957437
  326047  212033  195810  221264  579861  717649  796940  664968   62924  903353   66104  434359  621141   93641  428240  965376  799368  135720  854107  485523  149638  526049  699898  231727  594466  682445  780923  323428  614514  496594
  856087   38773  288940  837234   85257  715577  716692  514812  338288  768652  593129  636870  272432  403552  649242  195801  948288  544007  523412  861576  645687  194365  320888   14184  749803  202500  937579  882816  906639  322824
  807125  648610  268429  874975  155067  671760  945230  155028  713459   67661  626772    6485  536874  789836  707330  570125  342204  968159  654946  253216  420783  948089  726504  812662  690869  349543  405248  935501  838156  258963
  974503  456912  708626  170312  678175  804839  404312  475114  986158  467235  894819  568613  901594   32311  178605  846185  997686  977972  498257  368145  979847  647894  410545  679744  395972    5010  878540  693246  844789  493054
  174038  279077  877949  462978  116310  963205  178554  349354  478016  516841  634357  587496  153710  906788  507399  319304  618941  455686  379662  658704  317261   25348  853068  154501   39531  602871  357000  977109    2038  263638
  892937  161632  907572  677718  552959   62639  349477  498188  734018   62935   82200  877141  585771  619073  183328  809452  189197   41883  777611  360495  295099  198393  308583  537954   11054  515803  403848  932653  967655  758356
  189839  819291  949965  414817  505955  144492  219655  910266  619605  722164  377501   30775  290776  795446   63085  469381  641630  577123  447352  139886  945267  427198  304131  872163  623294  216455  877172  501833  909700  238312
  816285  176076  542714  694233  639053  175376  173789  333958   41081  168156  367150  675437  755651   37211   98576  263049  872866  233868  235086  252528  892572   68699  277875  745639  223199  317406  864861   96550  810866  866899
  191615  860592  919987  615539   54661  472945  194529  920489  487484  928546  983423   86035  322038   85545  705108  505366  894997  410656  547248  672607  771150  358698  387351  596084  413003  398404  628239  816851  331056  595893
  511238   99539   57603  977555   30707   79909  122046  766713  990174  258002  488876  884026  805129  296003  679471  384565  765383  321101  961687  729087  977338  423305  672636  281469  295467  812281  497923  688990  830466  923974
  876539  627150   42974  935604  837734  198378  110979   11522   48687  152059  696029  415836  343847  968031  969398  442423  747431  842264  676290  982517   94791   85213   51215  372665  830852  790765  206422  212064  887314   17288
  575206   39022  972836  495192  170912   27496  484489  365440  947984  488324  810337  447758  574359  648727  533303  279466  154092  944651  690121  217691  133609  977623  576389  520959   90058  989391  919362  718296  806241  766769
  927302  858055  539864  501256  835609  570570  581164  474006  337282   87689  248360  342509  971715  569840  154864  651185  954404  920246  488637  916091  165684  465975  855747  354672  263795  151214  166952  278069  356555  513769
   78962  763852  160789  638287  699455  998523  353016  326786  526396  401702  995196  738777  333889  339043  706807  303287  297817  454238  145550  490458  436754  240340  575671    4320  129356  922874  311436  852130  134937  198749
  830541  897798  322142  803376  909342  493054  347224  393830  374845  811559  882153  701534  259317  456511  350260  308971  252328  504351  769973  458801  722041  903581  952775  814781  424539   42832  804172  343900  277480  126764
  718394  283856  371824  258258  301463  723784  345179  398978  714142  198813  486667  962501  541321  458381  532340  696184  625917    3095  132782  630906  919185  814817   96880  774932  169488  877026  442497  852792  671446  799051
  385769  730251  478952  546557  884889  178406   61431  754257   21543  104179  672310   16739  842955    6199  872133  549761  309485  686301    3998  971386  176758  957103  728077  268780  477774  373784  191653  789209  225913  842942
  627020  108020   24562  465513  427747  450255  474918  774970  844084  849763  586529  242588  551296  362197  215451  901555  671167  984130  922257  441139  442930  644297  344719  912056  975430  285609  954888  779601  629508  748719
  366560  389839  599259  738383  648096  417073  462167  993275  816051  176308  192087  819069  655160  249759  793801  703851  462295  419717  706945  111428  566974  142482  926244  663853  433765   95732   57230  392613  948523  728675
  987957  611681  573192  983260  674590  974432  678018  736020  728688  699560  840198  400998  232650  199504  407196  621134  749265  233032  307434  269614  720769     544  226717  965197  785675  704490  338980  493680   10051   81245
  422716  772879  856738  963629  238391  800836  413883  713309  575806  774318   79423  678686  533258  147070   40882  748708   48624  228400  732837  970880  185890  692119  131528  530608  604174  106957  816216   75413  402909  962075
  191663  315082  118514  307273  569817  766609  724346  548335  276235   56748  240994  984673  875816  896153  234432  669616  116355  213078  605684  823299  324505  172658  482132  250748  352862  915896  862831  410092  824860  327705
  336621  514359  692925  426164  497619  883866  400595  175636  619886  645635  391547  976435   46632  624197  175939  970179  761682  441555  719562  585468  711168  956682  102363  454236  921878  888037  675078  260857  381716  685128
  824131  341977  251305  197220  821957    6047  998056  235840  235707   90213  526509  315129  768898   59766  462198  326131  808473   27173  554530   57662  514404  740419  266132  162284  787378  386657  785592  119945  462070  704853
  655118   16523  159139  773631  840147  728955   56592   80844  793641  849178  137591   34634  833851   13406  447138  584634  199373  563492  797711  321409  903142  638567   10418  901626  405666  879631  333873  268497  806074  158733
  342101  718336  715838  551378  144499  213456  435243   61446  905443  571480  707080  296990   64267  270063  437538  756557  240241  199219  198111  476154  784686  425630  432835  887048  396218  354712  291437   71295  131920  673152
  598371  802552   46829  366027  516124  868785  372073   30531  620976  607780  637095  147485  439260  405992  207250  417810  248474  532075  444982  803003  589736  475738   59773  855867  638021  363502  758875  423612  483446  220944
  596201  461192  691607  271691  751174  531753  516997  807765  612597  310637  173295  750187  345270    7145  279945  792407  108130  995669  872250  905840  833429  291744  544406  843846  193369  950071  239829   43593  734919   45902
  272774  990373  907840  988611  541750   52338  718419  493344  630135  623861  581176  337214  920850  645442  607276  874739  401998  363868   73958  116460  840021  374995  542089  272855  778395  938306  143918   69831  525952  275838
  644816  598168  539848  691644  964194  572323   76781  852618  119205  214108  460397  756299  361592  416009  162290   85194  833818  410763  617268  795151  730117  723355  270888  306241   95573  425260  669742  854447  365224  669539
  202325  847472  507093  893931  119162  774619  425684  636159   98735  554632  946795  272029  304818  808417  279173  101114  117175  903654  613135  505777  809493  446563  313872  870250  806761   23592  336673   46589   67184  587943
  259334  315077  266210  167173  820040  324311  735863  538458  334006  365997  678670  915181  219563  115872   76974  343190  990610  995323  223410   64567  111782   63430  955914  653871  852637  734308  108528  512906  320490  150832
  591743   10039  267706  131590  701683  748251  220264  294815  600868  339468  508922  577617   95766  386866  993625  774407  472059  827442  701521   89326  622592  947989  812680  409832  254229  908252  835091  923970  762698  200314
   92490  269509  435414  115935  163439   70928  406905  105474  223438  505639  660105  686584  777668  481275   11352  573192   98740  128527  476846  711874  150655  802690  158437  464526  189292  965197  488117  525964  528137  555300
  788743  579823  465908  571304  263348  285947  411966  999210  340756  745972  881558   19426  177504  617472  651649  254478  960662  642258  766152  700423  223177  877934  763852  179090   48156  132840  429749  156683  162098  266590
  109860  870792  210353  893917  518733  428387  642167  738996  723201  759386  594815  748474  337002  690580  135339  846978  981338  607397  674419  682858  213074  813363  630846  542105  223194  401426  966708  574636  841747  729406
  630258  136978  824808  582024  252912  504599  652951  659816  610072  392740  681807  786529   79323  459474  784155  607027  549017  882894  735553   25862  594768  886207  344904  753204  350732  534195  234752  838848  576510  279240
  823866  467192  362764  289774   38496  626111   92072  966813  141672  949180  229136   23230  484957  406640  640701  136605  177469  117714  778862  943620  818136    2038  337905   98340  697479  386060  747531  643579   59095  909628
  774950  951606  116549  501654  361874  635282  930040    4040  374277  169592  279778  969092  918065  133131  176023  569756  980109  157361  177152  654527  356570  906578  984241  987416  448682  207434  905193  415390  782070  746940
  910499  206767  416217  735307  788790  185481  756257  958092  361648  882680  867183   43454  669208  462858   19279  453362   69884  568296  336256  321788  110509  447375  207994  455412  716930   75077  989606  951681  430276   82467
  910168  882960  376820  272932  689085  931667  415394  781157  898479  557066  246688  127615  580295  731644   50606  737347  384600  228074  371413  679813  688045  189548  681851   25950  804239  895681  928361  551770  539260  987455
  661147   73371  214897  777695  575024  576771  412976   21415   97162  303605  191006  376939  272696  625422  510070  965070  195177  490178  122430  888681  661056  479000  795258  645297  982767  243939  369082  887959  175680  667503
  747272  340774  289234  163488  592432  594375  865320  348688   68819  226968  231368  452353  786773  900575  915210  806052  870289  985093  890699  722896  306880    1207  170270   31225  456619  887199  622653  962576  355231   52928
  977749  449427  870415  354568  238710  559499  286234  654104  857007  701065  211169  103694  828679  307815  351689  879284   45161  736288  623709  416573  416101  828105  122473  614303  370406  926711   26335  298767  994832  565594
  151250  836826  257225  366147  130873  832248  942917  543848  853662   40078  847452  561019  417017  636499  186441  443438  601569  381617  449967  240350  270297  111022  719349  581906  272670  218467  342197  641752  622778  517876
   45043  102502  393702  850628  782341  502485  961354  647661  851173  546524  390980   82540  998877  177752  499466  914086  500155  886106  415531  390853  609001  238762  392060  779270  786339  365030  666468  408991  843957  538050
  286221  972581  531373  672987  327148  770082  232486  129734  424185  605844  830798  635353  709538  175828  459519  577578  571463  504680  830218  711523  437604  762670  539627   76428  376972  426385  519491  403306  725151  514322
  825606  774027  871054   82831  140173    1926  431430   83089  545773  801444  639519  909577  362462  572887   62427  548902   16324  663995  446871  466290  420697  233519   93663  656397  815425  366333  874864  157621  524436  497641
  461919  405351  640551  371972  255978  422892  874456  733684  586904  241980  280207  977883  840871  279083  155634  856689  709521  655789  742794  641403  562993  868147  880164  955052  163768  666502  836433  830236  591845  680390
  485252   11371    3254   16624  684358  846754  786705  433195  492839  727242   39038  839988  878946  264927   15815  338465  842505  103629  359496  672722  815151  313451  951743  871129  389879  328714  297513  425721  248371  539015
  191848  866393  788019   62901  949223  444544   64826  897005   43984  126951  698448  683502  552879   60909  256388  615305  126163  789063  795652  573033  255352  216348  322903  865367  872744  138327  748051  263959  812299  788838
  884637   53763   85740  525188  942086  858070  464431  332893  591753   51334  574873  388311   29216  932095  183746  701201  788783  409618  873341   47929   51020  436334  916075  447535  907737   79842  630389  744170  426429  222233
  456394  249974  550386  459648  266597  751095  306401  569654  184289  799239  813247  739678  639226  692192    4605  171392   30656  363461  275020  906503  552534  606522  219954  504276  994002  126184  349341  807867  551904  114063
  277951  520499  655230   65970  583399  120805  510513  164577   17809   70848  807879  716256  754350  877109  777164   10737    8765  419678  316152  804416  992710   87855  537115  315613  953221  926211  970291  701271  190169  298942
  940911  311066  792347  543002  352605  734432  401071  817035  583676  509175  384720  158548  897486  413935  606995  597583  631487  395777    7200  504828  443705   58219  457513  876131   22105  881601  955973  652493  625770  898753
  863233    8297  364037  929970  467944  146985  681064  290696  232990  381704  606286   46236  637734  761863  738428  642338  933254  285435  522150  724625  191938   74683  847498  411891   95310  357852  538074  444650  682070   89977
  490108  984472  819440  661690   50441  919190  782494   77305  600118  316654  148152  924348   32909  418853  801456  326424  945942  326573  746102  262093  647340  255163  349947  184455   87127  819520  627017  573770  520790  817185
  391077   83032  209818  183423  626034  562422  434206  543456  895808   17882   52631  280527  692781  466468  210813  299775   64050  842300  695552  587601  863479  655608  645819  837343  531739  184275  718943    4063  836768  861065
  558712  545302  614625  439100  475272   82569  586085  156335  889616  335426   54391  495902  381662  692124  257764  120089  850813  707370  405523  372962  948346  113812  963996  795844  525702   59305  670047  580127   20306  352116
  872711  527250  801656  208502  705291  368448  644043  487784  962104  760513  320789  626608  201212  353697  561812  519020  196472  507753  845592  458925  286197  492931  714088  636144  193737  317566  455663  820753  891335  492804
  902815  227844  944096  628985  411267   86481  707758  361824  629937  603566  379705  198919  400444   72486  665386  611257  888612  245787  969908  100515  833387  349738  756123  995557  187080  804213  179831  906022  808275  532950
  670103   95369  897417  801080   50821  372688  883648  636905   45375  289615  488682  616117  785516  870343  308240  559632  506783  675404  267001  428658  564717  215346  542469  528712  527541   68171  104368  197587  164649  641025
  154290  280397  536405  472297  488898  241695  357097  649293  245830  319200  926157  566618  462159  127368  436666  540323  646387  633138   48075  491978   92062  334272  984909  322501  486767  694997  640067  458781  515750  531401
  283438  227441  760794  743886  856425  688412  830366  564183  566587  976654  684100  946292  175572   84543  535129  357309  695799  423740  119447  182058  524255  469185  531795  796729  981093  718874  600941  160924  141248  925567
  549702  351104  736393  963471  152183  787213  852510   35830  940469  897884  325444  429151   30352  627312  815845  854943  186943  322628  530346  970295  751285   95062  185640  293753  140125  229533  878275  244492  427119   42924
  467936  670039  811798    4341  142335  817047  762387  499431  982691    8217  334983  908847   91186  313493   36215  527852  853815  198953  677341  418242  690931  285754  268865  192191  608255  755631  887187  764673  730763  919288
  210225  941037  153007  971018  684922    9432  175781   31640   89966  742368    8293  774065  205011  700217  858607  256491  573877   70758  680230  209676  769167  720836  678860  300962   33916  659953  536187  634856  337228  193786
  885516  493173  394027  138261  456643  546209  441825  309152   98390  898646  723388  940185  327796  753739   83848  659992  608682  270790  982619  655379  757436  250255  750441  459428  544008  890565  688960  938634  651409  632430
  296073  198698  589326  624222  719390  731661  957621  481777  747443  940311  489993   82425  365510   97530  912270  918076  625381  766084  117028  302721  184325  324310  588475  453189  516500  713081  725171  920039  477753  455933
   76774  547452  134823  229781   34822  819744  755564  726954  367735  845529  985673  892380  619593  707035  592596  994551  963525  682824  581660  160107  892499  350827  880942   87711  651788  914858  264015  704326   66065  601242
  981557  536924  125602  891935  191536  582244  954495  633361  407748   52884  532006  131135  509421  376153  884873  593268   36144    9906  380410  535115  665285  137845  785369  932077  597272  845728  822641  802583  784362  474049
  839326  290177  170983  428652  914399  890372  676664  388371  372148  940458  845033  378492  539235  210542  476022  451504  128617  617754  733939  761997  436827  918264   86306  541653  887804  119158  254733  129327   39196  248837
  898112  142839  665045   32934  372619  699866  369029  644534  943172  736764  490062  928844  145495  626006  635879  738090  136908  599403  937265  718568  275861  346116  585746  156803  950178  753885  588012  214192  458210  654076
  435013  282270  527325  560614  690557  718860  659210  645051  868572   66957  214287  400577  198091  723707  293081  599315  833326  845577  609221  213735  380691  790857  867932  166059  722933  981555  528139   61925  784138  312500
  585259  878521  539013  272593  823524  969763  162965   16539  358133   51464  473349  203166  946308   12583  930059  422329  980438  575028  556434  714376  337024  993260  148991  423329  534912  553147  542486  305996  682473   98033
  331785  872673  313266  996829  905606  202236  213047  790987  846769  156218   44102  336830  601413  189596  479187  753643  444037  616095  869398  897653  851014  145258  243768  436759  302060  193945  190643  406423  408136  165204
  535974  219150  111121  579650  779763  801677  298509  438972  446728  167081   22280  177366   84009  220370  417424  377090  819685  250749  222666  945257  980836  119708  252465  848767  802118  975397  830321  330256   37321  614458
  554832  784083  492906  610197   56676  316429  579959  219640  849320  454444  787455  322668  173961  733762  851602  620371  672442  832039  195398  228876  546414  532421  738487  211757  472102  273399  764903  530939   95746  447375
   60499  256272   37877  890116  253101  459834   92352  466147  250820  939120  138716  811273  792302  256480     868  271488   10123  961256  403934  879520  858909  254947   24777  102676  691705  843189  812973  398699  249611  737460
  642755   89646  349959  753876  669295  646074  555552  484156  601397  518631  651236  623677  695996  251596  844046  113419  145037  180082  880520  884054  641690  861355    3761  894154  226473  805879  385902   56793  136134  423223
  145324  166930  231457  638229  777126  288132  471009  873436   24123  836680  844231  811578  159347   18191   61691   10948  154914  734133  359338  350311  963008  905752  399084  701494  117508  387537  491244  882410  434827  586990
   80255  826461  993732  118131  716577  246832  577964  808928  229330  345136  264399  884397  156408   56700  140876  673628  328188  150998  634883  732121  546869  493791  987068   87998  112819  195124  931186  925791  110175  697148
  187603  295241   29220   53913  565468  698515  699986  637371  182670  301383  156002  350257  441411  368349  601852  285456  998120  263241  981890  878639  147294  623579  256345  151055   34085  482817  956933  419986   55961  609418
  846136  580150  753919   77592
  663250  190429   39961
  359560  759915  904658
